10000000000000000000000000000000000000000000000000000000000000000000000000000000000000000000000000000000000000000000000000000000000000000000000000000000000000000000000001111111111110000000000000000000
10000000000000000000000000000000000000000000000000000000000000000000000000000000000000000000000000000000000000000000000000000000000000000000000000000000000000000000000000111111111111111100000000000000
10000000000000000000000000000000000000000000000000000000000000000000000000000000000000000000000000000000000000000000000000000000000000000000000000000000000000000000000000000000111111111111100000000000
10000000000000000000000000000000000000000000000000000000000000000000000000000000000000000000000000000000000000000000000000000000000000000000000000000000000000000000000000000000000001111111111100000000
10000000000000000000000000000000000000000000000000000000000000000000000000000000000000000000000000000000000000000000000000000000000000000000000000000000000000000000000111111111000000000111111111000000
10000000000000000000000000000000000000000000000000000000000000000000000000000000000000000000000000000000000000000000000000000000000000000000000000000000000000000000000111111111111110000000111111110000
10000000000000000000000000000000000000000000000000000000000000000000000000000000000000000000000000000000000000000000000000000000000000000000000000000000000000000000000000001111111111110000001111111000
10000000000000000000000000000000000000000000000000000000000000000000000000000000000000000000000000000000000000000000000000000000000000000000000000000000000000000000000000000000011111111100000011111110
10000000000000000001111111111111111111111111111110000000000000000000000000000000001111111111111111111111111111110000000000000000000111111111111111110000000000000000001111111000000011111110000001111111
10000000000000001111111111111111111111111111111111110000000000000000000000000001111111111111111111111111111111111110000000000000000111111111111111111000000000000000001111111111000001111111100000111111
10000000000011111111111111111111111111111111111111111110000000000000000000001111111111111111111111111111111111111111110000000000000111111111111111111000000000000000000001111111110000011111110000011111
10000000011111111111111111111111111111111111111111111111110000000000000001111111111111111111111111111111111111111111111110000000000111111111111111110000000000000000000000001111111100001111111000001111
10000011111111111111111111111111111111111111111111111111111111000000011111111111111111111111111111111111111111111111111111111000000111111111111111110000000000000000000000000011111110000111110000000000
10000111111111111111110000000000000000000000011111111111111111100000111111111111111110000000000000000000000011111111111111111100000111111111111111111111111111111111111000000001111100000000000000000000
10001111111111111111110000000000000000000011111111111111111111100000111111111111111110000000000000000000000011111111111111111100000111111111111111111111111111111111111100000000000000000000000000000000
10000111111111111111110000000000000000111111111111111111111111100000111111111111111110000000000000000000000011111111111111111100000111111111111111111111111111111111111100000000000000000000000000000000
10000011111111111111000000000000011111111111111111111111111111100000111111111111111110000000000000000000000011111111111111111100000111111111111111111111111111111111111100000000000000000000000000000000
10000000000000000000000000000111111111111111111111111111111111100000111111111111111110000000000000000000000011111111111111111100000111111111111111111111111111111111111100000000000000000000000000000000
10000000000000000000000011111111111111111111111111111111111111100000111111111111111110000000000000000000000011111111111111111100000111111111111111110000000000000000000000000000000000000000000000000000
10000000000000000000111111111111111111111111111111111111111111100000111111111111111110000000000000000000000011111111111111111100000111111111111111110000000000000000000000000000000000000000000000000000
10000000000000000011111111111111111111111110011111111111111111100000111111111111111110000000000000000000000011111111111111111100000111111111111111110000000000000000000000000000000000000000000000000000
10000000000000011111111111111111111111100000011111111111111111100000111111111111111110000000000000000000000011111111111111111100000111111111111111110000000000000000000000000000000000000000000000000000
10000000000001111111111111111111111000000000011111111111111111100000111111111111111110000000000000000000000011111111111111111100000111111111111111110000000000000000000000000000000000000000000000000000
10000000001111111111111111111100000000000000011111111111111111100000111111111111111111000000000000000000000011111111111111111100000111111111111111110000000000000000000000000000000000000000000000000000
10000000111111111111111111000000000000000000011111111111111111100000111111111111111111000000000000000000000011111111111111111100000111111111111111110000000000000000000000001111111111111111000000000000
10000111111111111111111000000000000000000000011111111111111111100000111111111111111111000000000000000000000011111111111111111100000111111111111111110000000000000000000000001111111111111111100000000000
10000111111111111111110000000000000000000000011111111111111111100000111111111111111111000000000000000000000011111111111111111100000111111111111111110000000000000000000000001111111111111111100000000000
10000111111111111111110000000000000000000000011111111111111111100000111111111111111111000000000000000000000011111111111111111100000111111111111111110000000000000000000000001111111111111111100000000000
10000111111111111111110000000000000000000000011111111111111111100000111111111111111111000000000000000000000011111111111111111100000111111111111111111000000000000000000000011111111111111111100000000000
10000001111111111111111111111111111111111111111111111111111110000000111111111111111111000000000000000000000011111111111111111100000001111111111111111111111111111111111111111111111111111100000000000000
10000000001111111111111111111111111111111111111111111111110000000000111111111111111111000000000000000000000011111111111111111100000000001111111111111111111111111111111111111111111111100000000000000000
10000000000001111111111111111111111111111111111111111110000000000000111111111111111111000000000000000000000011111111111111111100000000000000111111111111111111111111111111111111111100000000000000000000
10000000000000001111111111111111111111111111111111110000000000000000111111111111111111000000000000000000000011111111111111111100000000000000000111111111111111111111111111111111100000000000000000000000
10000000000000000000111111111111111111111111111100000000000000000000011111111111111100000000000000000000000000111111111111111000000000000000000000111111111111111111111111111100000000000000000000000000
